
 **** DERIVATIVE DATABASE ****    
+DDB, Version number    100401

  Note : temporary (transfer) database

    usepaw         0
     natom         3
      nkpt       133
    nsppol         1
      nsym        24
    ntypat         2
    occopt         4
     nband         8
     acell  0.10000000000000D+01  0.10000000000000D+01  0.10000000000000D+01
       amu  0.24305000000000D+02  0.10811000000000D+02
   dilatmx  0.10000000000000D+01
      ecut  0.38000000000000D+02
    ecutsm  0.00000000000000D+00
     intxc         0
      iscf         7
       ixc     -1012
       kpt  0.00000000000000D+00  0.00000000000000D+00  0.00000000000000D+00
            0.83333333333333D-01  0.00000000000000D+00  0.00000000000000D+00
            0.16666666666667D+00  0.00000000000000D+00  0.00000000000000D+00
            0.25000000000000D+00  0.00000000000000D+00  0.00000000000000D+00
            0.33333333333333D+00  0.00000000000000D+00  0.00000000000000D+00
            0.41666666666667D+00  0.00000000000000D+00  0.00000000000000D+00
            0.50000000000000D+00  0.00000000000000D+00  0.00000000000000D+00
            0.83333333333333D-01  0.83333333333333D-01  0.00000000000000D+00
            0.16666666666667D+00  0.83333333333333D-01  0.00000000000000D+00
            0.25000000000000D+00  0.83333333333333D-01  0.00000000000000D+00
            0.33333333333333D+00  0.83333333333333D-01  0.00000000000000D+00
            0.41666666666667D+00  0.83333333333333D-01  0.00000000000000D+00
            0.16666666666667D+00  0.16666666666667D+00  0.00000000000000D+00
            0.25000000000000D+00  0.16666666666667D+00  0.00000000000000D+00
            0.33333333333333D+00  0.16666666666667D+00  0.00000000000000D+00
            0.41666666666667D+00  0.16666666666667D+00  0.00000000000000D+00
            0.25000000000000D+00  0.25000000000000D+00  0.00000000000000D+00
            0.33333333333333D+00  0.25000000000000D+00  0.00000000000000D+00
            0.33333333333333D+00  0.33333333333333D+00  0.00000000000000D+00
            0.00000000000000D+00  0.00000000000000D+00  0.83333333333333D-01
            0.83333333333333D-01  0.00000000000000D+00  0.83333333333333D-01
            0.16666666666667D+00  0.00000000000000D+00  0.83333333333333D-01
            0.25000000000000D+00  0.00000000000000D+00  0.83333333333333D-01
            0.33333333333333D+00  0.00000000000000D+00  0.83333333333333D-01
            0.41666666666667D+00  0.00000000000000D+00  0.83333333333333D-01
            0.50000000000000D+00  0.00000000000000D+00  0.83333333333333D-01
            0.83333333333333D-01  0.83333333333333D-01  0.83333333333333D-01
            0.16666666666667D+00  0.83333333333333D-01  0.83333333333333D-01
            0.25000000000000D+00  0.83333333333333D-01  0.83333333333333D-01
            0.33333333333333D+00  0.83333333333333D-01  0.83333333333333D-01
            0.41666666666667D+00  0.83333333333333D-01  0.83333333333333D-01
            0.16666666666667D+00  0.16666666666667D+00  0.83333333333333D-01
            0.25000000000000D+00  0.16666666666667D+00  0.83333333333333D-01
            0.33333333333333D+00  0.16666666666667D+00  0.83333333333333D-01
            0.41666666666667D+00  0.16666666666667D+00  0.83333333333333D-01
            0.25000000000000D+00  0.25000000000000D+00  0.83333333333333D-01
            0.33333333333333D+00  0.25000000000000D+00  0.83333333333333D-01
            0.33333333333333D+00  0.33333333333333D+00  0.83333333333333D-01
            0.00000000000000D+00  0.00000000000000D+00  0.16666666666667D+00
            0.83333333333333D-01  0.00000000000000D+00  0.16666666666667D+00
            0.16666666666667D+00  0.00000000000000D+00  0.16666666666667D+00
            0.25000000000000D+00  0.00000000000000D+00  0.16666666666667D+00
            0.33333333333333D+00  0.00000000000000D+00  0.16666666666667D+00
            0.41666666666667D+00  0.00000000000000D+00  0.16666666666667D+00
            0.50000000000000D+00  0.00000000000000D+00  0.16666666666667D+00
            0.83333333333333D-01  0.83333333333333D-01  0.16666666666667D+00
            0.16666666666667D+00  0.83333333333333D-01  0.16666666666667D+00
            0.25000000000000D+00  0.83333333333333D-01  0.16666666666667D+00
            0.33333333333333D+00  0.83333333333333D-01  0.16666666666667D+00
            0.41666666666667D+00  0.83333333333333D-01  0.16666666666667D+00
            0.16666666666667D+00  0.16666666666667D+00  0.16666666666667D+00
            0.25000000000000D+00  0.16666666666667D+00  0.16666666666667D+00
            0.33333333333333D+00  0.16666666666667D+00  0.16666666666667D+00
            0.41666666666667D+00  0.16666666666667D+00  0.16666666666667D+00
            0.25000000000000D+00  0.25000000000000D+00  0.16666666666667D+00
            0.33333333333333D+00  0.25000000000000D+00  0.16666666666667D+00
            0.33333333333333D+00  0.33333333333333D+00  0.16666666666667D+00
            0.00000000000000D+00  0.00000000000000D+00  0.25000000000000D+00
            0.83333333333333D-01  0.00000000000000D+00  0.25000000000000D+00
            0.16666666666667D+00  0.00000000000000D+00  0.25000000000000D+00
            0.25000000000000D+00  0.00000000000000D+00  0.25000000000000D+00
            0.33333333333333D+00  0.00000000000000D+00  0.25000000000000D+00
            0.41666666666667D+00  0.00000000000000D+00  0.25000000000000D+00
            0.50000000000000D+00  0.00000000000000D+00  0.25000000000000D+00
            0.83333333333333D-01  0.83333333333333D-01  0.25000000000000D+00
            0.16666666666667D+00  0.83333333333333D-01  0.25000000000000D+00
            0.25000000000000D+00  0.83333333333333D-01  0.25000000000000D+00
            0.33333333333333D+00  0.83333333333333D-01  0.25000000000000D+00
            0.41666666666667D+00  0.83333333333333D-01  0.25000000000000D+00
            0.16666666666667D+00  0.16666666666667D+00  0.25000000000000D+00
            0.25000000000000D+00  0.16666666666667D+00  0.25000000000000D+00
            0.33333333333333D+00  0.16666666666667D+00  0.25000000000000D+00
            0.41666666666667D+00  0.16666666666667D+00  0.25000000000000D+00
            0.25000000000000D+00  0.25000000000000D+00  0.25000000000000D+00
            0.33333333333333D+00  0.25000000000000D+00  0.25000000000000D+00
            0.33333333333333D+00  0.33333333333333D+00  0.25000000000000D+00
            0.00000000000000D+00  0.00000000000000D+00  0.33333333333333D+00
            0.83333333333333D-01  0.00000000000000D+00  0.33333333333333D+00
            0.16666666666667D+00  0.00000000000000D+00  0.33333333333333D+00
            0.25000000000000D+00  0.00000000000000D+00  0.33333333333333D+00
            0.33333333333333D+00  0.00000000000000D+00  0.33333333333333D+00
            0.41666666666667D+00  0.00000000000000D+00  0.33333333333333D+00
            0.50000000000000D+00  0.00000000000000D+00  0.33333333333333D+00
            0.83333333333333D-01  0.83333333333333D-01  0.33333333333333D+00
            0.16666666666667D+00  0.83333333333333D-01  0.33333333333333D+00
            0.25000000000000D+00  0.83333333333333D-01  0.33333333333333D+00
            0.33333333333333D+00  0.83333333333333D-01  0.33333333333333D+00
            0.41666666666667D+00  0.83333333333333D-01  0.33333333333333D+00
            0.16666666666667D+00  0.16666666666667D+00  0.33333333333333D+00
            0.25000000000000D+00  0.16666666666667D+00  0.33333333333333D+00
            0.33333333333333D+00  0.16666666666667D+00  0.33333333333333D+00
            0.41666666666667D+00  0.16666666666667D+00  0.33333333333333D+00
            0.25000000000000D+00  0.25000000000000D+00  0.33333333333333D+00
            0.33333333333333D+00  0.25000000000000D+00  0.33333333333333D+00
            0.33333333333333D+00  0.33333333333333D+00  0.33333333333333D+00
            0.00000000000000D+00  0.00000000000000D+00  0.41666666666667D+00
            0.83333333333333D-01  0.00000000000000D+00  0.41666666666667D+00
            0.16666666666667D+00  0.00000000000000D+00  0.41666666666667D+00
            0.25000000000000D+00  0.00000000000000D+00  0.41666666666667D+00
            0.33333333333333D+00  0.00000000000000D+00  0.41666666666667D+00
            0.41666666666667D+00  0.00000000000000D+00  0.41666666666667D+00
            0.50000000000000D+00  0.00000000000000D+00  0.41666666666667D+00
            0.83333333333333D-01  0.83333333333333D-01  0.41666666666667D+00
            0.16666666666667D+00  0.83333333333333D-01  0.41666666666667D+00
            0.25000000000000D+00  0.83333333333333D-01  0.41666666666667D+00
            0.33333333333333D+00  0.83333333333333D-01  0.41666666666667D+00
            0.41666666666667D+00  0.83333333333333D-01  0.41666666666667D+00
            0.16666666666667D+00  0.16666666666667D+00  0.41666666666667D+00
            0.25000000000000D+00  0.16666666666667D+00  0.41666666666667D+00
            0.33333333333333D+00  0.16666666666667D+00  0.41666666666667D+00
            0.41666666666667D+00  0.16666666666667D+00  0.41666666666667D+00
            0.25000000000000D+00  0.25000000000000D+00  0.41666666666667D+00
            0.33333333333333D+00  0.25000000000000D+00  0.41666666666667D+00
            0.33333333333333D+00  0.33333333333333D+00  0.41666666666667D+00
            0.00000000000000D+00  0.00000000000000D+00  0.50000000000000D+00
            0.83333333333333D-01  0.00000000000000D+00  0.50000000000000D+00
            0.16666666666667D+00  0.00000000000000D+00  0.50000000000000D+00
            0.25000000000000D+00  0.00000000000000D+00  0.50000000000000D+00
            0.33333333333333D+00  0.00000000000000D+00  0.50000000000000D+00
            0.41666666666667D+00  0.00000000000000D+00  0.50000000000000D+00
            0.50000000000000D+00  0.00000000000000D+00  0.50000000000000D+00
            0.83333333333333D-01  0.83333333333333D-01  0.50000000000000D+00
            0.16666666666667D+00  0.83333333333333D-01  0.50000000000000D+00
            0.25000000000000D+00  0.83333333333333D-01  0.50000000000000D+00
            0.33333333333333D+00  0.83333333333333D-01  0.50000000000000D+00
            0.41666666666667D+00  0.83333333333333D-01  0.50000000000000D+00
            0.16666666666667D+00  0.16666666666667D+00  0.50000000000000D+00
            0.25000000000000D+00  0.16666666666667D+00  0.50000000000000D+00
            0.33333333333333D+00  0.16666666666667D+00  0.50000000000000D+00
            0.41666666666667D+00  0.16666666666667D+00  0.50000000000000D+00
            0.25000000000000D+00  0.25000000000000D+00  0.50000000000000D+00
            0.33333333333333D+00  0.25000000000000D+00  0.50000000000000D+00
            0.33333333333333D+00  0.33333333333333D+00  0.50000000000000D+00
    kptnrm  0.10000000000000D+01
     ngfft        36   36   40
    nspden         1
   nspinor         1
       occ  0.20000000000000D+01  0.20000000000049D+01  0.83622560434458D-01
            0.83622560280169D-01  0.89743060546287D-04  0.00000000000000D+00
            0.00000000000000D+00  0.00000000000000D+00
     rprim  0.50503958640000D+01  0.29158474116000D+01  0.00000000000000D+00
           -0.50503958640000D+01  0.29158474116000D+01  0.00000000000000D+00
            0.00000000000000D+00  0.00000000000000D+00  0.66575051400000D+01
  dfpt_sciss  0.00000000000000D+00
    spinat  0.00000000000000D+00  0.00000000000000D+00  0.00000000000000D+00
            0.00000000000000D+00  0.00000000000000D+00  0.00000000000000D+00
            0.00000000000000D+00  0.00000000000000D+00  0.00000000000000D+00
    symafm         1    1    1    1    1    1    1    1    1    1    1    1
                   1    1    1    1    1    1    1    1    1    1    1    1
    symrel         1    0    0    0    1    0    0    0    1
                  -1    0    0    0   -1    0    0    0   -1
                   0    1    0    1    0    0    0    0    1
                   0   -1    0   -1    0    0    0    0   -1
                   1    1    0   -1    0    0    0    0    1
                  -1   -1    0    1    0    0    0    0   -1
                  -1    0    0    1    1    0    0    0    1
                   1    0    0   -1   -1    0    0    0   -1
                   0    1    0   -1   -1    0    0    0    1
                   0   -1    0    1    1    0    0    0   -1
                  -1   -1    0    0    1    0    0    0    1
                   1    1    0    0   -1    0    0    0   -1
                  -1    0    0    0   -1    0    0    0    1
                   1    0    0    0    1    0    0    0   -1
                   0   -1    0   -1    0    0    0    0    1
                   0    1    0    1    0    0    0    0   -1
                  -1   -1    0    1    0    0    0    0    1
                   1    1    0   -1    0    0    0    0   -1
                   1    0    0   -1   -1    0    0    0    1
                  -1    0    0    1    1    0    0    0   -1
                   0   -1    0    1    1    0    0    0    1
                   0    1    0   -1   -1    0    0    0   -1
                   1    1    0    0   -1    0    0    0    1
                  -1   -1    0    0    1    0    0    0   -1
     tnons  0.00000000000000D+00  0.00000000000000D+00  0.00000000000000D+00
            0.00000000000000D+00  0.00000000000000D+00  0.00000000000000D+00
            0.00000000000000D+00  0.00000000000000D+00  0.00000000000000D+00
            0.00000000000000D+00  0.00000000000000D+00  0.00000000000000D+00
            0.00000000000000D+00  0.00000000000000D+00  0.00000000000000D+00
            0.00000000000000D+00  0.00000000000000D+00  0.00000000000000D+00
            0.00000000000000D+00  0.00000000000000D+00  0.00000000000000D+00
            0.00000000000000D+00  0.00000000000000D+00  0.00000000000000D+00
            0.00000000000000D+00  0.00000000000000D+00  0.00000000000000D+00
            0.00000000000000D+00  0.00000000000000D+00  0.00000000000000D+00
            0.00000000000000D+00  0.00000000000000D+00  0.00000000000000D+00
            0.00000000000000D+00  0.00000000000000D+00  0.00000000000000D+00
            0.00000000000000D+00  0.00000000000000D+00  0.00000000000000D+00
            0.00000000000000D+00  0.00000000000000D+00  0.00000000000000D+00
            0.00000000000000D+00  0.00000000000000D+00  0.00000000000000D+00
            0.00000000000000D+00  0.00000000000000D+00  0.00000000000000D+00
            0.00000000000000D+00  0.00000000000000D+00  0.00000000000000D+00
            0.00000000000000D+00  0.00000000000000D+00  0.00000000000000D+00
            0.00000000000000D+00  0.00000000000000D+00  0.00000000000000D+00
            0.00000000000000D+00  0.00000000000000D+00  0.00000000000000D+00
            0.00000000000000D+00  0.00000000000000D+00  0.00000000000000D+00
            0.00000000000000D+00  0.00000000000000D+00  0.00000000000000D+00
            0.00000000000000D+00  0.00000000000000D+00  0.00000000000000D+00
            0.00000000000000D+00  0.00000000000000D+00  0.00000000000000D+00
    tolwfr  0.10000000000000D+01
   tphysel  0.00000000000000D+00
    tsmear  0.20000000000000D-01
     typat         1    2    2
       wtk  0.57870370370370D-03  0.34722222222222D-02  0.34722222222222D-02
            0.34722222222222D-02  0.34722222222222D-02  0.34722222222222D-02
            0.17361111111111D-02  0.34722222222222D-02  0.69444444444444D-02
            0.69444444444444D-02  0.69444444444444D-02  0.69444444444444D-02
            0.34722222222222D-02  0.69444444444444D-02  0.69444444444444D-02
            0.34722222222222D-02  0.34722222222222D-02  0.69444444444444D-02
            0.11574074074074D-02  0.11574074074074D-02  0.69444444444444D-02
            0.69444444444444D-02  0.69444444444444D-02  0.69444444444444D-02
            0.69444444444444D-02  0.34722222222222D-02  0.69444444444444D-02
            0.13888888888889D-01  0.13888888888889D-01  0.13888888888889D-01
            0.13888888888889D-01  0.69444444444444D-02  0.13888888888889D-01
            0.13888888888889D-01  0.69444444444444D-02  0.69444444444444D-02
            0.13888888888889D-01  0.23148148148148D-02  0.11574074074074D-02
            0.69444444444444D-02  0.69444444444444D-02  0.69444444444444D-02
            0.69444444444444D-02  0.69444444444444D-02  0.34722222222222D-02
            0.69444444444444D-02  0.13888888888889D-01  0.13888888888889D-01
            0.13888888888889D-01  0.13888888888889D-01  0.69444444444444D-02
            0.13888888888889D-01  0.13888888888889D-01  0.69444444444444D-02
            0.69444444444444D-02  0.13888888888889D-01  0.23148148148148D-02
            0.11574074074074D-02  0.69444444444444D-02  0.69444444444444D-02
            0.69444444444444D-02  0.69444444444444D-02  0.69444444444444D-02
            0.34722222222222D-02  0.69444444444444D-02  0.13888888888889D-01
            0.13888888888889D-01  0.13888888888889D-01  0.13888888888889D-01
            0.69444444444444D-02  0.13888888888889D-01  0.13888888888889D-01
            0.69444444444444D-02  0.69444444444444D-02  0.13888888888889D-01
            0.23148148148148D-02  0.11574074074074D-02  0.69444444444444D-02
            0.69444444444444D-02  0.69444444444444D-02  0.69444444444444D-02
            0.69444444444444D-02  0.34722222222222D-02  0.69444444444444D-02
            0.13888888888889D-01  0.13888888888889D-01  0.13888888888889D-01
            0.13888888888889D-01  0.69444444444444D-02  0.13888888888889D-01
            0.13888888888889D-01  0.69444444444444D-02  0.69444444444444D-02
            0.13888888888889D-01  0.23148148148148D-02  0.11574074074074D-02
            0.69444444444444D-02  0.69444444444444D-02  0.69444444444444D-02
            0.69444444444444D-02  0.69444444444444D-02  0.34722222222222D-02
            0.69444444444444D-02  0.13888888888889D-01  0.13888888888889D-01
            0.13888888888889D-01  0.13888888888889D-01  0.69444444444444D-02
            0.13888888888889D-01  0.13888888888889D-01  0.69444444444444D-02
            0.69444444444444D-02  0.13888888888889D-01  0.23148148148148D-02
            0.57870370370370D-03  0.34722222222222D-02  0.34722222222222D-02
            0.34722222222222D-02  0.34722222222222D-02  0.34722222222222D-02
            0.17361111111111D-02  0.34722222222222D-02  0.69444444444444D-02
            0.69444444444444D-02  0.69444444444444D-02  0.69444444444444D-02
            0.34722222222222D-02  0.69444444444444D-02  0.69444444444444D-02
            0.34722222222222D-02  0.34722222222222D-02  0.69444444444444D-02
            0.11574074074074D-02
      xred  0.00000000000000D+00  0.00000000000000D+00  0.00000000000000D+00
            0.33333333333333D+00  0.66666666666667D+00  0.50000000000000D+00
            0.66666666666667D+00  0.33333333333333D+00  0.50000000000000D+00
     znucl  0.12000000000000D+02  0.50000000000000D+01
      zion  0.20000000000000D+01  0.30000000000000D+01
 
 No information on the potentials yet 
 
 **** Database of total energy derivatives ****
 Number of data blocks=    2
  
 Total energy                 - # elements :       1
 -0.69570674893781D+01  0.00000000000000D+00
  
 1st derivatives              - # elements :      15
   1   1  0.00000000000000D+00  0.00000000000000D+00
   2   1  0.00000000000000D+00  0.00000000000000D+00
   3   1  0.00000000000000D+00  0.00000000000000D+00
   1   2 -0.33658065289430D-28  0.00000000000000D+00
   2   2  0.40389678347316D-27  0.00000000000000D+00
   3   2  0.00000000000000D+00  0.00000000000000D+00
   1   3  0.33658065289430D-28  0.00000000000000D+00
   2   3 -0.20194839173658D-27  0.00000000000000D+00
   3   3  0.00000000000000D+00  0.00000000000000D+00
   1   6  0.30817667403178D-03  0.00000000000000D+00
   2   6  0.30817667403252D-03  0.00000000000000D+00
   3   6  0.24344728720916D-03  0.00000000000000D+00
   1   7  0.00000000000000D+00  0.00000000000000D+00
   2   7  0.00000000000000D+00  0.00000000000000D+00
   3   7  0.00000000000000D+00  0.00000000000000D+00
